/home/hb/1_machine_vision/Parking_detection/data/archive_voc/VOC2007/JPEGImages/93.jpg 336,451,408,585,1 292,96,360,225,1 222,96,292,225,1 267,451,337,585,1 479,451,549,585,1 408,451,479,585,1 433,95,504,225,1 190,451,267,585,1 360,96,433,225,1 549,451,605,585,1 504,95,573,225,1 151,96,222,225,1
/home/hb/1_machine_vision/Parking_detection/data/archive_voc/VOC2007/JPEGImages/126.jpg 660,2,762,57,0 55,425,109,528,1 550,425,606,527,1 109,425,163,527,1 661,424,716,527,1 882,424,937,527,1 385,425,440,527,1 219,425,274,527,1 495,425,550,527,1 329,425,386,527,1 440,425,495,527,1 774,424,827,527,1 163,425,219,527,1 54,61,157,115,1 54,173,157,229,1 535,255,660,320,1 660,224,762,281,1 827,424,882,527,1 54,229,157,285,1 606,424,661,527,1 274,425,330,527,1 54,4,157,61,1 54,114,157,173,1 410,255,535,320,1 276,255,410,320,1 157,254,276,320,1 660,57,762,112,1 660,113,762,168,1 660,169,762,224,1
/home/hb/1_machine_vision/Parking_detection/data/archive_voc/VOC2007/JPEGImages/26.jpg 496,610,546,709,0 530,289,583,388,0 496,481,546,575,1 394,481,446,576,1 290,481,341,576,1 222,289,273,388,1 133,481,184,576,1 546,481,601,575,1 169,289,222,388,1 600,481,652,575,1 60,289,116,388,1 652,480,704,575,1 341,481,394,576,1 273,289,327,388,1 477,289,530,388,1 184,481,239,576,1 133,610,184,709,1 394,609,446,709,1 583,289,636,387,1 546,609,601,709,1 239,481,290,576,1 290,610,341,709,1 446,610,497,709,1 636,289,689,387,1 116,289,169,388,1 341,610,394,709,1 184,610,239,709,1 4,289,60,388,1 239,610,290,709,1 447,481,497,576,1 20,481,76,576,1 76,481,133,576,1 76,610,133,709,1 19,609,76,709,1 601,609,652,709,1 652,609,704,709,1
/home/hb/1_machine_vision/Parking_detection/data/archive_voc/VOC2007/JPEGImages/140.jpg 804,274,896,448,1 711,274,805,448,1 547,275,626,448,1 895,275,994,448,1 136,104,224,327,1 136,326,224,552,1 626,275,713,448,1 17,552,189,647,1
/home/hb/1_machine_vision/Parking_detection/data/archive_voc/VOC2007/JPEGImages/102.jpg 627,400,700,540,1 700,400,776,540,1 498,230,580,400,1 211,103,357,177,1 211,252,357,330,1 776,400,853,540,1 211,329,357,405,1 211,27,357,102,1 211,177,357,252,1 549,400,627,540,1 211,405,358,479,1 211,569,357,646,1 211,646,357,715,1 498,59,580,230,1
/home/hb/1_machine_vision/Parking_detection/data/archive_voc/VOC2007/JPEGImages/9.jpg 725,515,839,717,1 425,12,544,232,1 609,515,725,717,1 493,515,609,717,1 662,11,775,232,1 371,515,493,718,1 252,515,372,718,1 775,11,893,232,1 544,11,663,232,1 893,11,1005,232,1 839,515,955,717,1
/home/hb/1_machine_vision/Parking_detection/data/archive_voc/VOC2007/JPEGImages/135.jpg 446,585,494,677,0 539,585,586,677,0 31,325,119,375,0 542,422,627,470,0 354,586,401,677,1 167,586,212,677,1 636,585,681,677,1 75,586,121,677,1 211,586,260,677,1 400,585,447,677,1 260,586,307,677,1 681,585,730,676,1 307,586,354,677,1 493,585,539,677,1 27,586,75,677,1 120,586,167,677,1 18,3,63,117,1 17,117,63,233,1 31,233,119,281,1 31,281,119,325,1 31,375,119,422,1 30,421,119,468,1 120,454,234,500,1 234,454,331,500,1 331,454,435,501,1 435,453,542,501,1 542,375,627,422,1 542,329,627,376,1 542,283,627,330,1 542,236,627,283,1 601,120,645,236,1 601,6,645,120,1
/home/hb/1_machine_vision/Parking_detection/data/archive_voc/VOC2007/JPEGImages/84.jpg 511,503,573,627,1 72,503,139,627,1 573,503,640,626,1 7,503,72,627,1 444,503,511,627,1 382,503,444,627,1 318,503,382,627,1
/home/hb/1_machine_vision/Parking_detection/data/archive_voc/VOC2007/JPEGImages/158.jpg 986,248,1062,403,0 908,248,986,403,0 752,248,830,404,0 134,94,211,248,0 212,94,290,248,0 290,94,367,249,0 367,94,446,249,0 446,94,522,249,0 522,94,598,249,0 134,248,211,404,0 211,248,290,404,0 290,248,368,404,0 367,248,446,404,0 446,248,522,404,0 522,248,599,404,0 598,249,677,404,0 676,248,752,404,0 134,593,211,719,0 211,593,290,719,0 290,593,368,719,0 367,593,446,719,0 446,592,522,719,0 522,592,598,719,0 676,592,752,719,0 752,592,830,719,0 908,591,987,719,0 1062,591,1143,719,0 907,93,986,248,1 829,94,908,248,1 1062,94,1143,247,1 598,94,676,249,1 986,94,1062,248,1 676,94,752,249,1 830,248,908,403,1 752,94,830,248,1 1062,247,1143,403,1 598,592,677,719,1 830,591,908,719,1 986,591,1063,719,1
/home/hb/1_machine_vision/Parking_detection/data/archive_voc/VOC2007/JPEGImages/43.jpg 681,33,772,228,1 953,33,1047,226,1 119,34,212,231,1 395,34,492,230,1 861,33,954,227,1 772,33,861,227,1 953,227,1047,425,1 303,230,396,425,1 211,34,303,230,1 681,228,773,425,1 586,33,682,229,1 26,230,119,425,1 772,228,862,424,1 119,230,212,425,1 395,230,492,425,1 586,229,683,425,1 861,227,954,424,1 26,34,119,231,1 491,229,587,425,1 211,230,303,425,1 491,33,586,229,1 303,34,396,230,1
/home/hb/1_machine_vision/Parking_detection/data/archive_voc/VOC2007/JPEGImages/1.jpg 245,569,318,705,1 318,569,392,705,1 391,569,465,705,1 219,16,293,155,1 534,332,611,454,1 19,569,93,705,1 19,338,93,470,1 610,454,684,589,1 505,16,574,154,1 391,337,464,470,1 684,332,761,454,1 684,454,761,589,1 93,569,171,705,1 143,16,219,155,1 436,16,506,155,1 534,454,610,589,1 65,16,143,155,1 93,338,171,470,1 171,338,245,471,1 610,332,684,454,1 362,16,436,155,1 171,569,245,705,1 318,337,392,470,1 244,338,318,471,1 292,16,363,155,1
/home/hb/1_machine_vision/Parking_detection/data/archive_voc/VOC2007/JPEGImages/22.jpg 96,516,160,638,1 554,516,618,638,1 292,516,357,638,1 488,516,554,638,1 618,515,685,638,1 160,516,226,638,1 357,516,423,638,1 423,516,488,638,1 865,515,934,638,1 934,515,1002,637,1 226,516,292,638,1
/home/hb/1_machine_vision/Parking_detection/data/archive_voc/VOC2007/JPEGImages/136.jpg 526,91,585,191,0 411,91,470,191,0 696,90,754,191,0 639,90,697,191,0 297,91,354,191,0 353,91,411,191,0 754,90,813,191,0 239,91,298,191,0 584,90,640,191,1 469,91,527,191,1 813,90,926,151,1
/home/hb/1_machine_vision/Parking_detection/data/archive_voc/VOC2007/JPEGImages/54.jpg 3,122,100,303,1 100,122,201,303,1 450,85,693,181,1 201,86,451,181,1
/home/hb/1_machine_vision/Parking_detection/data/archive_voc/VOC2007/JPEGImages/154.jpg 661,160,951,295,0 962,294,1245,433,1 3,567,283,704,1 4,159,283,295,1 4,24,283,160,1 962,567,1246,705,1 3,432,283,568,1 962,160,1244,295,1 661,23,951,160,1 4,295,283,433,1 962,432,1245,568,1 963,23,1244,160,1 661,295,951,432,1 661,433,951,567,1 661,567,952,704,1
/home/hb/1_machine_vision/Parking_detection/data/archive_voc/VOC2007/JPEGImages/42.jpg 412,412,577,484,1 247,411,413,484,1 247,640,413,717,1 247,179,412,254,1 412,106,576,179,1 247,561,413,641,1 412,179,576,254,1 412,254,576,332,1 247,254,412,332,1 247,332,413,412,1 412,332,576,412,1 413,484,577,561,1 247,484,413,561,1 413,561,577,640,1 247,107,412,179,1 413,640,577,717,1
/home/hb/1_machine_vision/Parking_detection/data/archive_voc/VOC2007/JPEGImages/41.jpg 441,220,504,356,1 252,91,316,221,1 504,90,567,221,1 567,220,628,356,1 316,91,379,221,1 566,90,628,221,1 441,90,504,220,1 4,91,66,222,1 627,90,691,220,1 66,91,128,222,1 504,220,567,356,1 379,90,441,221,1 378,221,441,356,1 690,220,752,355,1 316,221,379,356,1 127,91,189,222,1 4,222,66,356,1 188,221,252,356,1 189,91,252,222,1 627,220,691,355,1 66,222,128,356,1 127,222,189,356,1 251,221,316,356,1 690,90,752,220,1
/home/hb/1_machine_vision/Parking_detection/data/archive_voc/VOC2007/JPEGImages/157.jpg 15,27,170,101,0 13,628,170,703,0 14,402,170,477,1 512,401,671,476,1 511,251,671,326,1 169,326,329,402,1 169,176,328,251,1 511,26,670,101,1 512,551,671,627,1 511,326,671,401,1 14,101,170,176,1 14,326,170,402,1 511,101,670,176,1 13,552,170,627,1 512,476,671,551,1 511,176,671,251,1 170,101,328,176,1 14,476,170,552,1 169,401,329,477,1 670,101,828,176,1 170,27,328,101,1 15,177,170,252,1 14,251,170,327,1 169,251,329,326,1 170,476,330,551,1 170,551,330,627,1 170,627,330,703,1 670,26,828,102,1 513,626,671,702,1 670,176,828,251,1 670,250,828,326,1 670,326,829,401,1 671,402,829,476,1 671,476,829,551,1 671,551,829,626,1 671,626,829,702,1
/home/hb/1_machine_vision/Parking_detection/data/archive_voc/VOC2007/JPEGImages/99.jpg 359,51,409,142,0 558,372,608,461,0 658,372,705,460,0 103,51,158,143,1 158,51,209,143,1 209,51,259,143,1 259,51,309,142,1 309,51,359,142,1 409,51,459,142,1 459,51,508,142,1 509,51,559,142,1 559,51,608,142,1 608,51,657,142,1 657,51,705,141,1 102,372,157,461,1 157,372,206,461,1 206,372,257,461,1 257,372,308,461,1 308,372,358,461,1 358,372,408,461,1 408,372,459,461,1 459,372,508,461,1 508,372,558,461,1 609,372,658,460,1 236,588,287,684,1 287,588,339,684,1 339,588,389,684,1 389,588,439,684,1 439,588,490,684,1 490,588,540,684,1 540,588,590,684,1 590,588,640,684,1 640,588,690,684,1 691,588,741,684,1 742,588,792,684,1 792,588,842,684,1
/home/hb/1_machine_vision/Parking_detection/data/archive_voc/VOC2007/JPEGImages/92.jpg 441,221,517,363,0 595,220,677,362,0 275,521,353,665,0 435,521,515,665,0 515,521,594,665,0 594,521,676,665,0 30,20,118,160,1 119,20,206,160,1 206,20,284,160,1 284,20,361,160,1 362,20,440,160,1 441,20,518,160,1 519,20,595,160,1 595,20,672,160,1 29,220,119,363,1 119,220,206,363,1 206,220,285,363,1 285,221,361,363,1 361,221,441,363,1 518,220,595,362,1 22,521,108,665,1 108,521,189,665,1 189,522,274,665,1 353,521,435,665,1
/home/hb/1_machine_vision/Parking_detection/data/archive_voc/VOC2007/JPEGImages/62.jpg 189,589,351,682,0 628,541,793,630,0 628,629,793,716,1 629,278,792,365,1 189,500,351,589,1 189,235,351,327,1 189,413,351,500,1 629,193,791,279,1 629,364,792,452,1 628,452,792,542,1 189,326,351,413,1
/home/hb/1_machine_vision/Parking_detection/data/archive_voc/VOC2007/JPEGImages/58.jpg 246,392,306,498,0 63,392,123,498,0 792,391,851,497,0 611,296,672,392,1 5,297,63,393,1 63,297,123,392,1 550,296,611,392,1 732,296,792,392,1 246,296,305,392,1 672,296,733,392,1 792,296,851,391,1 878,47,932,158,1 427,296,488,392,1 851,296,913,391,1 5,392,63,497,1 672,392,733,497,1 184,297,246,392,1 367,392,426,498,1 123,297,184,392,1 367,296,426,392,1 550,392,612,497,1 123,392,184,498,1 488,392,551,497,1 611,392,672,497,1 426,392,488,498,1 732,392,792,497,1 851,391,913,497,1 184,392,246,498,1 305,392,367,498,1 488,297,551,392,1 305,296,367,392,1
/home/hb/1_machine_vision/Parking_detection/data/archive_voc/VOC2007/JPEGImages/89.jpg 152,140,304,421,1 6,140,152,421,1
/home/hb/1_machine_vision/Parking_detection/data/archive_voc/VOC2007/JPEGImages/86.jpg 3,531,62,647,1 89,70,152,182,1 278,70,343,182,1 543,531,605,646,1 3,338,62,450,1 357,531,418,647,1 605,531,668,646,1 480,531,543,646,1 187,337,250,450,1 250,337,311,450,1 124,531,187,647,1 62,531,124,647,1 480,337,543,450,1 250,531,311,647,1 417,531,480,647,1 619,70,684,182,1 187,531,250,647,1 124,337,187,450,1 62,338,124,450,1 417,337,480,450,1 152,70,213,182,1 684,70,751,182,1 27,70,88,182,1 213,70,277,182,1 605,337,667,449,1 556,70,620,182,1 667,530,732,646,1 543,337,605,449,1 357,337,417,450,1 667,337,732,449,1
/home/hb/1_machine_vision/Parking_detection/data/archive_voc/VOC2007/JPEGImages/164.jpg 108,360,210,523,0 506,360,604,523,1 109,3,210,190,1 409,360,507,522,1 7,3,109,190,1 506,3,605,189,1 310,3,409,189,1 209,3,310,190,1 605,360,704,522,1 7,360,109,524,1 310,360,409,523,1 604,3,704,189,1 703,3,803,189,1 802,4,898,189,1 210,360,310,523,1 409,3,507,189,1 703,360,803,522,1 803,359,899,522,1
/home/hb/1_machine_vision/Parking_detection/data/archive_voc/VOC2007/JPEGImages/48.jpg 676,560,771,713,1 1050,560,1142,712,1 575,560,677,714,1 866,560,962,712,1 478,560,576,714,1 3,560,96,714,1 191,560,286,714,1 95,560,192,714,1 770,560,867,713,1 961,560,1051,712,1 286,560,383,714,1 383,561,479,714,1
/home/hb/1_machine_vision/Parking_detection/data/archive_voc/VOC2007/JPEGImages/107.jpg 260,381,306,464,0 447,87,494,172,0 472,580,519,668,1 357,88,402,172,1 582,381,628,464,1 536,380,582,464,1 658,580,703,667,1 565,580,610,667,1 266,88,311,173,1 703,580,749,667,1 610,580,657,668,1 518,580,565,668,1 490,380,536,464,1 333,580,377,668,1 287,580,333,668,1 351,381,398,464,1 584,87,629,172,1 397,381,444,464,1 173,88,220,173,1 444,381,490,464,1 311,88,357,173,1 402,88,447,172,1 238,580,287,668,1 539,87,584,172,1 426,580,472,668,1 167,381,214,464,1 494,87,539,172,1 119,381,167,464,1 749,580,794,667,1 628,381,671,463,1 214,381,260,464,1 125,88,173,173,1 629,87,671,172,1 377,580,426,668,1 306,381,351,464,1 219,88,265,173,1
/home/hb/1_machine_vision/Parking_detection/data/archive_voc/VOC2007/JPEGImages/45.jpg 623,433,714,591,0 15,444,182,534,1 15,626,183,726,1 654,47,746,211,1 18,48,109,213,1 474,47,564,212,1 293,47,385,212,1 108,48,197,213,1 835,47,924,211,1 540,433,623,591,1 385,47,475,212,1 15,534,182,626,1 713,433,807,591,1 564,47,655,211,1 745,47,836,211,1 806,432,896,591,1
/home/hb/1_machine_vision/Parking_detection/data/archive_voc/VOC2007/JPEGImages/147.jpg 47,233,172,308,1 358,244,498,320,1 47,156,172,233,1 47,2,172,81,1 47,307,173,383,1 358,167,498,245,1 358,320,498,398,1 47,81,172,156,1
/home/hb/1_machine_vision/Parking_detection/data/archive_voc/VOC2007/JPEGImages/108.jpg 133,2,260,220,0 389,2,517,220,1 259,2,390,220,1 5,2,133,221,1 645,3,771,219,1 516,2,646,220,1
/home/hb/1_machine_vision/Parking_detection/data/archive_voc/VOC2007/JPEGImages/74.jpg 230,520,350,713,1 467,519,582,713,1 1,520,110,713,1 820,520,945,712,1 944,520,1050,712,1 109,520,230,713,1 701,520,822,712,1 581,520,702,713,1 350,520,467,713,1
/home/hb/1_machine_vision/Parking_detection/data/archive_voc/VOC2007/JPEGImages/6.jpg 628,65,717,253,1 474,447,711,570,1 531,65,629,253,1 325,65,430,253,1 16,65,117,254,1 117,65,226,254,1 10,447,248,570,1 225,65,325,254,1 429,65,531,253,1 248,447,474,570,1
/home/hb/1_machine_vision/Parking_detection/data/archive_voc/VOC2007/JPEGImages/166.jpg 475,3,529,105,0 266,3,318,106,0 54,3,106,107,0 107,3,160,107,0 1,228,54,330,0 54,228,107,330,0 371,227,423,329,0 212,3,266,106,1 159,3,212,107,1 529,3,581,105,1 318,3,371,106,1 371,3,423,106,1 1,3,54,108,1 688,3,740,105,1 740,3,795,105,1 634,3,688,105,1 795,3,847,105,1 847,3,901,104,1 423,3,475,106,1 901,3,949,104,1 581,3,634,105,1 107,228,160,329,1 160,228,212,329,1 212,228,266,329,1 266,228,318,329,1 318,228,371,329,1 423,227,475,329,1 475,227,530,329,1 529,227,581,329,1 582,227,634,329,1 634,227,689,329,1 689,227,741,329,1 740,227,795,329,1 795,227,848,329,1 847,226,901,329,1 901,226,949,329,1
/home/hb/1_machine_vision/Parking_detection/data/archive_voc/VOC2007/JPEGImages/70.jpg 464,599,694,724,1 465,477,695,600,1 465,358,695,477,1 465,233,695,358,1
/home/hb/1_machine_vision/Parking_detection/data/archive_voc/VOC2007/JPEGImages/156.jpg 432,186,533,394,0 734,421,837,630,0 132,423,232,631,0 634,186,735,393,0 432,422,532,630,0 232,423,333,631,1 533,422,634,630,1 836,185,940,394,1 333,423,433,630,1 533,185,634,394,1 31,422,132,631,1 332,186,433,394,1 836,421,940,629,1 634,422,735,630,1 232,186,332,394,1 31,187,132,394,1 735,185,836,394,1 132,186,232,394,1
/home/hb/1_machine_vision/Parking_detection/data/archive_voc/VOC2007/JPEGImages/44.jpg 431,384,536,580,1 536,384,640,580,1 222,384,325,580,1 844,384,954,579,1 324,384,431,580,1 118,384,223,580,1 17,384,118,580,1 639,385,745,580,1 744,384,845,580,1
/home/hb/1_machine_vision/Parking_detection/data/archive_voc/VOC2007/JPEGImages/129.jpg 589,538,718,613,0 588,309,718,388,1 588,388,718,465,1 589,613,718,698,1 589,0,718,76,1 589,76,717,153,1 589,153,718,232,1 188,507,371,580,1 588,232,718,310,1 3,507,188,580,1 589,465,718,539,1
/home/hb/1_machine_vision/Parking_detection/data/archive_voc/VOC2007/JPEGImages/98.jpg 690,150,724,215,0 761,150,792,214,0 369,151,407,215,1 407,151,441,215,1 442,151,477,215,1 477,151,513,215,1 513,151,548,215,1 548,151,583,215,1 584,151,618,215,1 619,151,653,215,1 654,151,689,215,1 725,150,760,215,1 462,305,500,370,1 500,305,535,370,1 536,305,571,370,1 571,305,606,370,1 606,305,642,370,1 642,305,678,370,1 678,305,713,370,1 714,305,749,370,1 749,305,784,370,1 784,305,820,370,1
/home/hb/1_machine_vision/Parking_detection/data/archive_voc/VOC2007/JPEGImages/141.jpg 109,2,261,88,1 110,88,261,173,1 81,173,161,379,1 80,378,161,578,1
/home/hb/1_machine_vision/Parking_detection/data/archive_voc/VOC2007/JPEGImages/78.jpg 3,275,56,371,1 56,275,108,371,1 106,117,163,208,1 216,537,266,634,1 244,275,295,371,1 59,538,113,635,1 369,537,421,634,1 108,275,164,371,1 195,275,244,371,1 422,537,477,634,1 400,275,452,371,1 8,538,59,635,1 4,117,55,209,1 113,537,165,635,1 266,537,317,634,1 244,117,295,208,1 347,275,400,371,1 317,537,369,634,1 165,537,215,635,1 295,117,347,208,1 194,117,244,208,1 295,275,346,371,1 452,274,505,371,1 56,118,106,209,1 347,117,400,208,1 400,117,452,208,1 453,117,505,208,1
/home/hb/1_machine_vision/Parking_detection/data/archive_voc/VOC2007/JPEGImages/137.jpg 306,155,461,227,0 709,371,855,446,0 709,300,855,372,1 709,226,855,300,1 149,302,308,377,1 307,449,462,520,1 149,376,308,450,1 149,227,307,302,1 307,302,462,376,1 709,446,855,518,1 854,300,1003,372,1 855,153,1002,227,1 306,79,461,156,1 855,446,1003,519,1 854,81,1002,153,1 709,81,855,153,1 149,520,308,593,1 855,518,1004,591,1 307,227,462,302,1 308,520,462,593,1 709,153,855,227,1 149,79,307,156,1 855,371,1003,446,1 306,6,461,79,1 307,376,462,450,1 149,6,307,79,1 149,155,307,228,1 854,227,1002,300,1 709,518,856,591,1 854,3,1002,81,1 709,3,855,81,1 148,449,308,520,1
/home/hb/1_machine_vision/Parking_detection/data/archive_voc/VOC2007/JPEGImages/105.jpg 8,542,75,647,0 140,431,204,542,0 696,334,759,451,0 363,0,426,106,0 694,24,756,139,1 632,24,695,139,1 572,334,636,451,1 756,24,815,139,1 140,542,204,647,1 814,24,878,139,1 573,531,636,637,1 203,542,270,647,1 759,531,820,637,1 820,531,882,636,1 75,542,140,647,1 457,431,512,542,1 203,431,270,542,1 636,531,696,637,1 457,542,513,647,1 394,431,458,542,1 269,542,333,647,1 333,542,394,647,1 333,431,394,542,1 695,531,759,637,1 363,106,426,254,1 8,431,75,542,1 394,542,458,647,1 269,431,333,542,1 758,334,820,451,1 636,334,696,451,1 75,431,141,542,1 820,334,881,451,1
/home/hb/1_machine_vision/Parking_detection/data/archive_voc/VOC2007/JPEGImages/100.jpg 246,190,319,336,0 389,335,462,482,0 319,190,389,336,0 245,336,319,482,0 318,335,389,482,0 462,189,538,335,0 537,189,609,335,0 609,189,682,335,0 681,189,752,335,0 752,189,826,335,0 826,188,897,335,0 897,188,973,336,0 826,335,898,482,0 897,336,973,481,0 538,335,610,481,1 610,335,682,481,1 462,335,538,481,1 389,190,462,335,1 682,335,753,482,1 753,335,826,481,1
/home/hb/1_machine_vision/Parking_detection/data/archive_voc/VOC2007/JPEGImages/75.jpg 58,457,216,546,0 58,545,216,633,0 59,199,215,289,1 58,371,216,457,1 58,289,215,371,1 214,149,409,239,1 408,149,602,239,1
/home/hb/1_machine_vision/Parking_detection/data/archive_voc/VOC2007/JPEGImages/56.jpg 26,447,82,575,1 111,206,165,299,1 272,206,327,299,1 4,206,57,299,1 327,206,380,298,1 272,122,327,206,1 435,206,489,298,1 598,205,651,298,1 165,123,219,206,1 4,123,57,206,1 597,123,651,205,1 651,122,701,205,1 863,123,911,205,1 111,123,165,206,1 327,123,380,206,1 863,280,911,375,1 435,123,489,206,1 219,123,273,206,1 542,123,598,205,1 57,123,111,206,1 380,206,435,298,1 57,206,111,299,1 489,122,542,205,1 651,205,701,298,1 380,123,435,206,1 489,205,542,298,1 542,205,598,298,1 689,447,740,573,1 701,205,757,298,1 701,123,757,205,1 757,123,813,205,1 219,206,273,299,1 756,205,813,298,1 164,206,219,299,1
/home/hb/1_machine_vision/Parking_detection/data/archive_voc/VOC2007/JPEGImages/120.jpg 437,146,523,301,0 356,146,437,301,1 437,406,523,546,1 190,407,272,547,1 109,147,190,301,1 355,406,437,546,1 189,146,271,301,1 271,407,356,547,1 271,146,356,301,1 29,407,109,547,1 523,146,603,300,1 523,406,603,547,1 109,407,190,547,1 677,145,764,279,1 764,279,843,422,1 29,147,109,301,1 764,144,843,279,1 677,279,764,423,1
/home/hb/1_machine_vision/Parking_detection/data/archive_voc/VOC2007/JPEGImages/125.jpg 719,4,897,106,0 862,394,1011,495,1 719,107,897,205,1 863,305,1011,395,1 6,476,107,656,1 348,443,585,548,1 862,592,1011,694,1 862,494,1011,592,1 106,443,349,548,1 225,5,402,99,1
/home/hb/1_machine_vision/Parking_detection/data/archive_voc/VOC2007/JPEGImages/142.jpg 1,276,77,421,1 400,142,482,276,1 157,276,241,421,1 240,276,321,421,1 563,275,645,421,1 400,276,483,421,1 1,143,77,277,1 76,276,157,421,1 239,142,321,276,1 481,142,564,276,1 645,142,734,275,1 563,142,645,276,1 157,142,240,277,1 321,276,401,421,1 644,275,734,421,1 321,142,402,276,1 482,276,564,421,1 76,142,158,277,1
/home/hb/1_machine_vision/Parking_detection/data/archive_voc/VOC2007/JPEGImages/122.jpg 288,480,379,653,1 562,479,652,652,1 284,19,380,189,1 98,18,190,190,1 650,479,743,653,1 469,479,563,653,1 189,19,285,189,1 2,19,98,190,1 841,605,923,719,1 379,19,471,189,1 36,480,129,653,1 564,19,655,190,1 129,480,219,653,1 378,480,470,653,1 471,19,565,190,1
/home/hb/1_machine_vision/Parking_detection/data/archive_voc/VOC2007/JPEGImages/27.jpg 21,597,84,701,0 319,444,377,545,0 319,597,377,701,0 142,597,202,702,0 438,444,497,545,0 555,597,613,701,1 83,444,142,546,1 262,597,319,701,1 142,444,202,545,1 262,444,319,545,1 497,597,555,701,1 438,596,497,701,1 377,444,438,545,1 202,597,262,702,1 83,597,142,701,1 202,444,262,545,1 377,597,438,701,1 21,444,83,546,1 497,443,554,544,1 555,443,613,544,1
/home/hb/1_machine_vision/Parking_detection/data/archive_voc/VOC2007/JPEGImages/49.jpg 84,205,167,357,1 2,206,84,357,1 528,564,609,717,1 336,204,419,356,1 779,563,861,717,1 790,204,875,356,1 875,204,956,356,1 955,204,1032,356,1 124,564,208,717,1 295,564,380,717,1 208,564,295,717,1 38,564,124,718,1 861,563,942,716,1 380,564,466,717,1 166,205,254,357,1 419,204,513,356,1 254,204,336,356,1 695,563,779,717,1 609,563,695,717,1 942,563,1030,716,1
/home/hb/1_machine_vision/Parking_detection/data/archive_voc/VOC2007/JPEGImages/153.jpg 3,9,88,204,0 259,9,347,204,0 788,8,879,203,0 1055,8,1146,203,0 3,415,88,607,0 88,415,174,607,0 434,415,522,608,0 433,9,522,204,1 347,9,434,204,1 610,9,700,204,1 88,9,174,205,1 700,9,789,204,1 174,9,260,205,1 879,9,973,203,1 522,9,610,204,1 973,8,1056,203,1 174,415,260,607,1 259,415,347,607,1 347,415,434,608,1 522,415,611,608,1 610,415,700,608,1 700,414,789,608,1 788,414,879,608,1 879,414,973,608,1 973,414,1056,608,1 1056,414,1146,608,1
/home/hb/1_machine_vision/Parking_detection/data/archive_voc/VOC2007/JPEGImages/163.jpg 655,2,717,125,0 350,2,409,125,0 409,2,471,125,0 420,278,483,401,0 483,278,544,401,0 666,277,727,401,0 593,2,655,124,1 296,278,359,401,1 544,278,605,401,1 533,2,593,125,1 235,278,297,402,1 727,277,789,401,1 717,2,783,125,1 35,2,101,126,1 783,2,850,125,1 359,278,420,401,1 789,277,856,400,1 40,278,108,402,1 164,2,225,126,1 172,278,236,402,1 108,278,172,402,1 471,2,533,125,1 605,277,665,401,1 287,2,350,125,1 101,2,164,126,1 225,2,287,125,1
/home/hb/1_machine_vision/Parking_detection/data/archive_voc/VOC2007/JPEGImages/111.jpg 16,176,147,442,0 147,175,283,443,0 147,441,284,704,0 283,175,417,441,0 417,175,556,442,0 417,441,556,704,0 556,440,692,704,0 691,174,824,440,0 691,440,825,704,0 824,174,962,440,1 556,175,691,441,1 283,442,418,704,1 824,440,963,705,1 16,443,147,704,1
/home/hb/1_machine_vision/Parking_detection/data/archive_voc/VOC2007/JPEGImages/38.jpg 99,465,194,624,0 713,53,806,230,1 943,462,1038,623,1 140,54,230,231,1 1084,53,1178,229,1 288,464,385,623,1 806,53,900,230,1 1131,463,1224,623,1 748,463,846,623,1 900,53,993,230,1 614,53,713,230,1 846,463,943,623,1 385,464,481,623,1 993,53,1084,230,1 194,465,288,624,1 44,54,139,231,1 555,464,650,623,1 7,465,99,624,1 425,54,520,231,1 329,54,425,231,1 1038,463,1131,623,1 651,463,748,623,1 230,54,329,231,1 520,54,614,231,1
/home/hb/1_machine_vision/Parking_detection/data/archive_voc/VOC2007/JPEGImages/64.jpg 436,392,503,524,0 378,77,452,214,0 8,477,148,551,0 8,632,148,705,0 8,551,148,632,1 8,402,148,477,1 6,77,79,215,1 596,76,669,214,1 303,77,378,214,1 233,77,303,215,1 669,76,744,214,1 502,392,577,524,1 650,391,724,524,1 577,392,650,524,1 525,76,597,214,1 79,77,154,215,1 723,392,798,524,1 452,76,526,214,1
/home/hb/1_machine_vision/Parking_detection/data/archive_voc/VOC2007/JPEGImages/87.jpg 222,269,274,369,1 122,269,171,369,1 105,592,157,686,1 209,462,259,554,1 158,462,209,554,1 69,269,121,369,1 311,592,361,686,1 310,462,361,554,1 259,462,310,554,1 462,592,517,685,1 361,462,411,553,1 18,269,69,369,1 172,269,222,369,1 361,592,411,686,1 411,462,462,553,1 411,593,462,685,1 259,592,310,686,1 157,592,208,686,1 274,269,332,369,1 104,462,158,554,1 462,462,515,553,1 516,462,570,553,1 8,462,62,554,1 518,592,569,685,1 208,592,258,686,1 8,592,62,686,1
/home/hb/1_machine_vision/Parking_detection/data/archive_voc/VOC2007/JPEGImages/19.jpg 207,306,265,409,0 714,482,772,593,0 578,51,637,162,0 88,306,148,409,0 326,483,382,593,1 804,51,858,162,1 522,51,578,162,1 465,51,522,163,1 655,482,714,593,1 597,482,655,593,1 858,51,916,162,1 229,52,290,163,1 772,305,830,408,1 916,51,973,162,1 405,51,465,163,1 695,51,753,162,1 289,51,348,163,1 325,306,382,408,1 637,51,695,162,1 830,305,886,408,1 479,482,540,593,1 597,305,655,409,1 148,483,206,594,1 88,483,148,594,1 265,483,325,594,1 772,482,830,593,1 207,483,265,594,1 540,305,597,409,1 165,52,229,163,1 265,306,326,408,1 479,305,540,408,1 830,482,886,593,1 382,483,437,594,1 148,306,206,409,1 714,305,772,408,1 655,305,714,409,1 348,51,405,163,1 382,305,437,409,1 540,482,597,593,1 752,51,804,162,1
/home/hb/1_machine_vision/Parking_detection/data/archive_voc/VOC2007/JPEGImages/159.jpg 229,277,458,385,0 230,2,458,131,1 466,131,688,278,1 466,604,689,710,1 466,492,689,604,1 230,131,458,278,1 466,278,688,385,1 466,385,688,493,1 230,493,458,605,1 466,2,688,131,1 230,604,458,710,1 229,384,458,493,1
/home/hb/1_machine_vision/Parking_detection/data/archive_voc/VOC2007/JPEGImages/53.jpg 379,78,482,254,0 0,78,77,255,0 680,78,782,254,0 810,629,988,718,1 809,524,988,629,1 580,77,682,254,1 77,78,178,255,1 278,77,379,254,1 215,503,321,687,1 321,503,424,686,1 890,77,989,254,1 111,503,216,687,1 177,78,279,255,1 481,77,581,254,1 11,504,112,687,1
/home/hb/1_machine_vision/Parking_detection/data/archive_voc/VOC2007/JPEGImages/73.jpg 282,467,370,629,1 43,84,129,248,1 457,467,547,629,1 23,468,108,630,1 129,84,216,248,1 306,84,396,248,1 194,467,283,629,1 370,467,458,629,1 107,468,195,629,1 215,84,306,248,1 547,467,641,629,1
/home/hb/1_machine_vision/Parking_detection/data/archive_voc/VOC2007/JPEGImages/47.jpg 295,468,396,653,1 100,468,199,654,1 686,467,783,652,1 782,467,881,652,1 4,469,101,654,1 395,467,494,653,1 588,467,686,652,1 494,467,589,653,1 199,468,295,653,1
/home/hb/1_machine_vision/Parking_detection/data/archive_voc/VOC2007/JPEGImages/20.jpg 287,465,468,559,1 287,282,467,372,1 692,511,854,598,1 692,232,854,327,1 692,421,854,512,1 287,559,468,651,1 287,5,467,98,1 287,371,468,465,1 287,98,467,189,1 287,189,467,282,1 692,327,854,421,1
/home/hb/1_machine_vision/Parking_detection/data/archive_voc/VOC2007/JPEGImages/109.jpg 421,275,507,424,1 336,275,421,424,1 506,275,592,424,1 2,275,87,424,1 592,275,670,424,1 169,275,252,424,1 252,275,337,424,1 87,275,169,424,1
/home/hb/1_machine_vision/Parking_detection/data/archive_voc/VOC2007/JPEGImages/66.jpg 798,592,850,692,0 326,592,379,692,0 484,592,538,692,1 433,592,484,692,1 643,592,694,692,1 393,268,449,368,1 484,462,538,556,1 379,592,433,692,1 538,462,591,556,1 379,462,432,556,1 798,461,850,556,1 449,268,503,367,1 694,592,746,692,1 746,461,798,556,1 694,462,746,556,1 503,268,557,367,1 538,592,591,692,1 591,462,643,556,1 341,268,393,368,1 850,461,900,555,1 591,592,643,692,1 705,268,755,367,1 326,462,379,556,1 747,592,798,692,1 643,462,694,556,1 432,462,484,556,1 857,268,910,367,1 850,592,900,692,1 754,268,805,367,1 805,268,857,367,1
/home/hb/1_machine_vision/Parking_detection/data/archive_voc/VOC2007/JPEGImages/31.jpg 279,505,419,718,1 559,504,698,718,1 137,506,280,718,1 698,504,834,718,1 8,505,139,718,1 418,504,559,718,1
/home/hb/1_machine_vision/Parking_detection/data/archive_voc/VOC2007/JPEGImages/97.jpg 496,225,550,323,0 115,225,172,324,1 172,225,225,324,1 226,225,280,324,1 280,225,334,323,1 335,225,389,323,1 389,225,442,323,1 442,225,496,323,1 550,225,604,323,1 604,224,658,323,1 658,224,711,323,1 711,224,762,323,1 257,461,313,563,1 313,461,369,563,1 369,461,423,563,1 424,461,477,563,1 477,461,532,563,1 532,461,585,563,1 585,461,640,563,1 641,461,694,563,1 694,461,749,562,1 749,461,803,562,1 803,461,857,562,1
/home/hb/1_machine_vision/Parking_detection/data/archive_voc/VOC2007/JPEGImages/119.jpg 88,5,159,136,1 229,362,302,498,1 302,362,375,498,1 231,5,304,136,1 377,5,450,136,1 18,5,88,136,1 304,5,378,136,1 450,5,521,136,1 18,362,86,498,1 698,404,773,580,1 375,362,445,497,1 159,5,231,136,1 158,362,230,498,1 698,232,773,404,1 85,362,159,498,1
/home/hb/1_machine_vision/Parking_detection/data/archive_voc/VOC2007/JPEGImages/77.jpg 406,419,595,512,1 407,324,595,419,1 15,442,172,535,1 15,535,172,631,1 407,512,595,607,1 407,231,595,324,1 15,5,171,93,1 407,136,595,230,1 15,255,172,350,1 407,41,595,136,1 15,350,172,442,1 15,92,172,183,1
/home/hb/1_machine_vision/Parking_detection/data/archive_voc/VOC2007/JPEGImages/72.jpg 337,514,420,667,0 195,157,279,308,1 169,514,253,667,1 114,157,196,308,1 253,514,338,667,1 420,514,503,667,1 7,514,87,667,1 87,514,170,667,1 31,157,114,309,1
/home/hb/1_machine_vision/Parking_detection/data/archive_voc/VOC2007/JPEGImages/18.jpg 783,402,825,478,0 569,610,610,685,0 425,276,466,349,0 339,276,381,349,0 690,98,732,176,0 13,93,88,135,0 13,52,88,93,0 13,6,88,52,0 610,610,651,685,1 774,610,814,685,1 661,276,701,350,1 466,402,507,479,1 650,98,690,176,1 404,611,445,685,1 507,402,548,479,1 360,611,404,685,1 743,402,783,478,1 733,610,774,685,1 732,98,773,176,1 445,610,485,685,1 466,276,506,349,1 507,276,548,350,1 485,610,527,685,1 814,610,852,685,1 866,401,907,482,1 701,402,743,478,1 887,98,926,176,1 381,276,425,349,1 527,610,569,685,1 401,98,444,175,1 486,98,527,175,1 661,402,701,478,1 527,98,569,175,1 701,276,743,350,1 381,402,425,479,1 783,276,825,350,1 548,402,592,479,1 444,98,486,175,1 743,276,783,350,1 773,98,813,176,1 339,402,381,479,1 618,402,661,478,1 825,402,866,478,1 825,276,866,350,1 618,276,661,350,1 548,276,592,350,1 569,98,610,175,1 610,98,650,176,1 692,610,733,685,1 651,610,692,685,1 119,6,205,52,1 425,402,466,479,1 866,276,907,350,1 847,98,887,176,1 119,52,205,93,1 119,93,205,135,1
/home/hb/1_machine_vision/Parking_detection/data/archive_voc/VOC2007/JPEGImages/165.jpg 2,501,107,712,0 545,42,658,230,0 658,42,766,229,0 766,41,873,229,0 872,41,981,229,0 439,501,546,711,0 544,501,659,711,0 657,501,767,710,0 766,501,873,710,0 873,501,981,710,0 1090,501,1196,711,0 327,43,439,231,1 438,42,545,230,1 1089,40,1196,229,1 220,501,329,712,1 2,44,108,231,1 328,501,440,711,1 980,40,1090,229,1 219,43,328,231,1 107,501,220,712,1 107,43,220,231,1 980,500,1091,711,1
/home/hb/1_machine_vision/Parking_detection/data/archive_voc/VOC2007/JPEGImages/148.jpg 372,87,522,166,1 42,356,180,435,1 42,435,180,516,1 372,10,522,86,1 372,326,523,405,1 372,246,523,326,1 372,166,523,246,1 42,117,180,194,1 372,478,523,559,1 42,516,180,596,1 372,405,523,479,1 42,194,180,276,1 372,559,523,638,1 42,35,180,117,1 372,638,524,721,1 42,275,180,357,1
/home/hb/1_machine_vision/Parking_detection/data/archive_voc/VOC2007/JPEGImages/91.jpg 215,190,349,253,1 87,190,215,253,1 215,65,348,128,1 87,128,215,190,1 86,441,215,503,1 215,5,348,65,1 87,5,215,65,1 87,253,215,316,1 87,65,215,128,1 87,379,215,441,1 215,253,349,316,1 86,503,215,564,1 87,316,215,379,1 215,316,349,379,1 216,628,349,686,1 215,379,349,440,1 86,564,215,629,1 215,502,349,564,1 216,564,349,629,1 215,128,348,191,1 215,440,349,503,1 86,629,216,686,1
/home/hb/1_machine_vision/Parking_detection/data/archive_voc/VOC2007/JPEGImages/151.jpg 123,95,168,180,0 305,95,349,179,1 50,587,97,673,1 214,388,259,472,1 79,389,123,472,1 349,95,395,179,1 395,94,442,179,1 36,95,78,180,1 123,388,169,472,1 305,388,349,471,1 325,586,373,672,1 395,388,442,471,1 79,95,123,180,1 349,388,395,471,1 1,587,50,673,1 442,388,492,471,1 36,389,79,472,1 442,94,492,179,1 259,95,305,180,1 96,587,142,673,1 213,95,259,180,1 142,587,187,672,1 168,95,213,180,1 187,587,234,672,1 279,586,326,672,1 234,586,279,672,1 169,388,214,472,1 259,388,305,471,1 373,586,423,672,1
/home/hb/1_machine_vision/Parking_detection/data/archive_voc/VOC2007/JPEGImages/35.jpg 23,374,130,592,0 240,160,351,373,0 460,159,567,372,0 677,159,787,373,0 129,375,240,592,0 460,372,568,592,0 566,372,679,592,0 678,373,787,592,0 350,160,461,373,1 129,160,241,374,1 566,159,679,372,1 23,160,130,374,1 240,374,351,592,1 350,373,461,592,1
/home/hb/1_machine_vision/Parking_detection/data/archive_voc/VOC2007/JPEGImages/50.jpg 96,184,183,335,1 183,184,272,335,1 534,183,621,334,1 8,184,97,335,1 359,183,447,334,1 446,183,534,334,1 271,183,360,335,1
/home/hb/1_machine_vision/Parking_detection/data/archive_voc/VOC2007/JPEGImages/152.jpg 613,539,667,630,0 411,539,465,630,1 6,540,56,630,1 207,539,258,630,1 258,539,309,630,1 56,407,106,501,1 155,407,207,501,1 207,407,258,501,1 362,539,411,630,1 411,406,465,501,1 106,407,155,501,1 258,407,309,501,1 613,406,667,501,1 309,407,362,501,1 56,540,106,630,1 309,539,362,630,1 106,539,155,630,1 6,407,56,501,1 465,539,518,630,1 465,406,517,501,1 155,539,207,630,1 593,251,682,305,1 561,539,613,630,1 561,406,613,501,1 362,406,412,501,1 372,251,484,305,1 484,251,593,305,1
/home/hb/1_machine_vision/Parking_detection/data/archive_voc/VOC2007/JPEGImages/150.jpg 225,107,276,206,0 11,107,65,206,0 101,376,154,480,0 118,107,171,206,0 313,547,370,642,0 65,107,119,206,0 171,107,225,206,1 101,547,154,642,1 313,376,370,479,1 276,107,331,206,1 48,547,101,642,1 259,547,314,642,1 48,376,101,480,1 153,547,207,642,1 258,376,314,479,1 153,376,207,479,1 207,547,259,642,1 206,376,259,479,1
/home/hb/1_machine_vision/Parking_detection/data/archive_voc/VOC2007/JPEGImages/14.jpg 680,72,779,253,0 512,499,614,685,1 778,72,881,253,1 715,499,814,684,1 304,500,412,685,1 613,499,715,685,1 412,499,512,684,1 469,72,573,253,1 573,72,680,253,1
/home/hb/1_machine_vision/Parking_detection/data/archive_voc/VOC2007/JPEGImages/67.jpg 273,437,334,543,1 811,588,871,698,1 515,437,575,543,1 634,437,693,543,1 870,437,932,543,1 516,588,575,698,1 692,437,753,543,1 781,227,837,338,1 693,588,753,697,1 575,437,634,543,1 211,588,273,697,1 635,588,693,697,1 575,588,635,698,1 334,588,394,697,1 811,437,870,543,1 454,588,515,697,1 837,227,896,338,1 334,437,394,543,1 394,588,455,697,1 273,588,334,697,1 454,437,515,543,1 753,437,811,543,1 896,227,954,338,1 753,588,811,697,1 870,588,932,698,1 394,437,454,543,1 211,437,273,543,1
/home/hb/1_machine_vision/Parking_detection/data/archive_voc/VOC2007/JPEGImages/32.jpg 554,462,633,595,1 90,339,165,463,1 243,462,320,596,1 320,462,399,596,1 12,339,91,463,1 476,461,555,595,1 244,339,320,463,1 399,339,476,462,1 554,338,633,462,1 476,339,554,462,1 165,339,245,463,1 90,462,165,596,1 12,462,91,596,1 320,339,399,462,1 399,462,476,595,1 165,462,245,596,1
/home/hb/1_machine_vision/Parking_detection/data/archive_voc/VOC2007/JPEGImages/96.jpg 49,17,233,116,1 49,116,234,212,1 50,213,234,309,1 50,414,234,514,1 50,514,234,615,1 490,422,588,602,1 588,422,685,602,1 686,422,791,602,1 792,422,876,602,1
/home/hb/1_machine_vision/Parking_detection/data/archive_voc/VOC2007/JPEGImages/104.jpg 819,190,882,308,0 139,194,200,307,0 447,192,510,307,0 510,191,571,307,0 633,191,695,308,0 694,191,757,308,0 386,34,447,147,1 819,33,881,146,1 320,34,386,147,1 75,194,139,307,1 258,35,320,147,1 447,34,510,147,1 571,34,633,147,1 633,34,694,147,1 320,192,386,307,1 571,191,633,307,1 694,33,757,146,1 138,35,200,147,1 10,35,76,147,1 757,190,820,308,1 757,33,819,146,1 258,192,320,307,1 510,34,571,147,1 10,194,76,307,1 76,35,138,147,1 386,192,448,307,1
/home/hb/1_machine_vision/Parking_detection/data/archive_voc/VOC2007/JPEGImages/36.jpg 480,102,565,252,1 262,456,347,610,1 649,102,732,252,1 228,103,313,253,1 732,102,815,252,1 565,102,649,252,1 433,456,517,609,1 347,456,433,609,1 62,103,146,253,1 178,456,263,610,1 94,457,178,610,1 313,102,396,253,1 815,102,899,252,1 12,457,95,610,1 603,456,689,609,1 517,456,603,609,1 146,103,228,254,1 396,102,481,253,1
/home/hb/1_machine_vision/Parking_detection/data/archive_voc/VOC2007/JPEGImages/149.jpg 70,420,132,534,0 199,420,259,534,0 198,185,261,296,0 139,185,199,296,0 7,420,70,534,0 509,185,573,296,0 446,185,509,296,0 324,185,385,296,0 259,420,322,534,0 322,420,458,490,0 458,420,598,490,0 261,22,324,134,1 198,22,261,134,1 509,22,573,134,1 15,23,77,135,1 324,22,385,134,1 139,23,198,135,1 132,420,199,534,1 385,185,447,296,1 15,185,77,297,1 77,23,139,135,1 385,22,447,134,1 261,185,324,296,1 447,22,509,134,1 77,185,139,296,1
/home/hb/1_machine_vision/Parking_detection/data/archive_voc/VOC2007/JPEGImages/113.jpg 141,94,208,214,1 526,423,594,545,1 661,422,727,545,1 459,93,526,214,1 9,94,78,214,1 257,424,324,545,1 461,423,526,545,1 391,423,461,545,1 659,93,726,213,1 727,422,793,545,1 392,94,459,214,1 125,423,192,545,1 78,94,141,214,1 726,93,792,213,1 208,94,269,214,1 60,424,125,546,1 269,94,337,214,1 2,424,60,546,1 526,93,592,214,1 592,93,659,214,1 792,93,857,213,1 192,423,257,545,1 324,423,391,545,1 594,423,661,545,1
/home/hb/1_machine_vision/Parking_detection/data/archive_voc/VOC2007/JPEGImages/144.jpg 397,157,578,253,1 397,65,578,157,1 2,103,162,200,1 3,493,163,592,1 397,253,578,349,1 2,289,163,394,1 3,592,164,693,1 3,7,162,103,1 3,395,163,493,1
/home/hb/1_machine_vision/Parking_detection/data/archive_voc/VOC2007/JPEGImages/110.jpg 403,293,539,528,1 138,293,269,528,1 269,293,404,529,1 6,293,139,528,1 539,293,672,528,1 801,292,929,528,1 671,293,802,528,1
/home/hb/1_machine_vision/Parking_detection/data/archive_voc/VOC2007/JPEGImages/29.jpg 330,204,463,268,0 219,331,330,393,0 330,331,463,393,0 219,393,330,456,0 219,455,330,519,0 745,647,878,710,0 330,393,463,456,1 616,268,745,331,1 616,454,746,520,1 745,269,877,331,1 746,519,878,582,1 616,519,746,582,1 745,582,878,647,1 745,392,878,454,1 616,646,746,710,1 219,583,330,646,1 616,204,745,269,1 616,582,746,646,1 745,454,878,520,1 616,331,745,393,1 616,392,745,455,1 745,331,878,393,1 330,269,463,331,1 745,204,877,269,1 219,269,330,331,1 330,455,464,519,1 219,520,330,583,1 330,519,464,583,1 330,582,463,646,1 219,647,330,710,1 330,646,463,710,1
/home/hb/1_machine_vision/Parking_detection/data/archive_voc/VOC2007/JPEGImages/128.jpg 162,27,308,106,0 554,310,696,386,1 554,82,695,158,1 162,262,308,340,1 554,233,696,311,1 162,183,308,262,1 554,158,695,233,1 554,2,695,82,1 162,106,308,183,1
/home/hb/1_machine_vision/Parking_detection/data/archive_voc/VOC2007/JPEGImages/16.jpg 42,302,240,398,0 475,626,642,719,0 476,244,640,339,1 475,339,641,434,1 41,493,240,589,1 42,398,240,493,1 42,209,240,302,1 475,433,641,529,1 475,529,641,626,1 476,55,640,150,1 42,18,240,112,1 42,112,240,209,1 41,588,241,685,1 476,150,640,244,1
/home/hb/1_machine_vision/Parking_detection/data/archive_voc/VOC2007/JPEGImages/46.jpg 596,489,713,680,0 482,489,596,681,1 113,11,227,217,1 448,11,562,217,1 1160,489,1274,679,1 338,11,449,217,1 37,489,146,681,1 712,489,823,680,1 257,489,368,681,1 4,11,113,217,1 884,11,996,216,1 368,489,482,681,1 930,489,1048,680,1 145,489,257,681,1 775,11,884,216,1 666,11,775,217,1 227,11,338,217,1 1048,489,1160,680,1
/home/hb/1_machine_vision/Parking_detection/data/archive_voc/VOC2007/JPEGImages/8.jpg 129,419,290,489,1 290,419,452,489,1 290,489,452,571,1 290,340,452,419,1 129,264,290,340,1 289,648,452,719,1 290,264,452,340,1 129,572,290,649,1 290,572,452,649,1 129,649,290,719,1 129,114,290,189,1 290,189,453,264,1 129,489,290,572,1 290,114,452,189,1 129,189,290,264,1 129,340,290,419,1
/home/hb/1_machine_vision/Parking_detection/data/archive_voc/VOC2007/JPEGImages/124.jpg 783,210,962,310,0 784,107,962,211,0 101,424,204,602,1 3,424,102,602,1 204,424,304,602,1 303,424,400,602,1 783,8,962,108,1 749,309,840,551,1
/home/hb/1_machine_vision/Parking_detection/data/archive_voc/VOC2007/JPEGImages/94.jpg 241,145,326,295,1 326,145,404,295,1 404,145,484,294,1 485,145,563,294,1 563,145,643,294,1 644,145,721,294,1 244,398,324,544,1 324,398,404,543,1 405,399,485,543,1 485,399,564,543,1 564,399,644,543,1 644,399,724,543,1
/home/hb/1_machine_vision/Parking_detection/data/archive_voc/VOC2007/JPEGImages/61.jpg 733,521,899,620,0 733,235,899,330,0 733,45,899,141,1 733,425,899,522,1 9,173,242,263,1 733,330,899,425,1 733,141,899,235,1 733,620,899,719,1 241,173,470,263,1
/home/hb/1_machine_vision/Parking_detection/data/archive_voc/VOC2007/JPEGImages/123.jpg 103,405,206,598,0 5,207,103,405,0 103,207,206,405,0 303,207,405,405,0 405,207,506,405,0 405,404,507,597,0 506,207,607,404,0 506,404,607,598,0 606,207,706,404,0 606,404,706,598,0 706,207,809,404,0 706,404,810,598,1 5,405,103,598,1 303,405,405,598,1 206,207,304,405,1 206,405,304,598,1
/home/hb/1_machine_vision/Parking_detection/data/archive_voc/VOC2007/JPEGImages/95.jpg 118,1,293,90,1 118,91,293,181,1 118,181,293,272,1 118,272,293,363,1 118,364,293,456,1 118,456,293,545,1 463,41,562,245,1 463,245,562,453,1 522,453,618,620,1 619,453,709,620,1 709,453,799,620,1
/home/hb/1_machine_vision/Parking_detection/data/archive_voc/VOC2007/JPEGImages/76.jpg 220,412,381,517,1 220,311,381,412,1 44,412,220,517,1 220,517,381,621,1 44,312,220,412,1 220,208,381,311,1 219,8,381,108,1 44,107,219,208,1 219,108,381,208,1 44,208,219,312,1 44,517,220,621,1 44,8,219,108,1
/home/hb/1_machine_vision/Parking_detection/data/archive_voc/VOC2007/JPEGImages/127.jpg 248,516,297,616,0 47,130,143,182,0 605,130,700,180,0 606,232,700,283,1 759,515,811,615,1 97,516,148,615,1 606,515,659,615,1 713,515,759,615,1 47,517,97,615,1 47,286,143,336,1 351,516,403,616,1 454,515,506,616,1 402,516,454,616,1 32,4,86,130,1 198,516,249,616,1 147,516,199,615,1 556,515,607,615,1 505,515,556,615,1 297,516,352,616,1 606,180,700,232,1 47,182,143,231,1 47,231,143,287,1 47,336,143,388,1 143,369,260,422,1 260,369,377,422,1 377,369,490,422,1 490,368,606,422,1 606,333,700,385,1 606,283,700,333,1 661,4,718,130,1
/home/hb/1_machine_vision/Parking_detection/data/archive_voc/VOC2007/JPEGImages/12.jpg 713,188,798,340,1 797,188,885,340,1 884,188,964,339,1
/home/hb/1_machine_vision/Parking_detection/data/archive_voc/VOC2007/JPEGImages/65.jpg 329,245,395,358,0 67,142,131,245,1 853,244,919,357,1 130,245,197,358,1 3,142,68,245,1 790,141,854,244,1 67,245,131,359,1 659,244,725,357,1 196,245,263,358,1 329,141,396,245,1 461,244,527,358,1 395,245,462,358,1 593,141,660,244,1 918,141,987,244,1 263,141,330,245,1 854,141,919,244,1 527,141,593,244,1 918,244,987,357,1 790,244,854,357,1 725,244,791,357,1 3,245,67,359,1 196,141,263,245,1 593,244,659,357,1 130,141,197,245,1 263,245,330,358,1 462,141,527,245,1 725,141,791,244,1 659,141,725,244,1 395,141,462,245,1 527,244,593,358,1
/home/hb/1_machine_vision/Parking_detection/data/archive_voc/VOC2007/JPEGImages/133.jpg 172,336,235,455,0 61,24,124,140,0 315,24,377,140,0 189,24,251,140,0 124,24,189,140,0 423,530,485,638,0 361,336,423,454,1 172,530,235,639,1 2,24,62,140,1 110,530,172,639,1 377,23,440,140,1 2,336,62,455,1 251,23,315,140,1 2,530,62,639,1 110,336,172,455,1 234,530,297,638,1 234,336,298,455,1 422,336,485,454,1 297,336,361,455,1 297,530,362,638,1 361,530,423,638,1
/home/hb/1_machine_vision/Parking_detection/data/archive_voc/VOC2007/JPEGImages/63.jpg 26,64,88,184,1 2,338,65,452,1 258,338,322,452,1 193,338,258,452,1 217,64,282,184,1 88,64,152,184,1 65,338,129,452,1 383,338,450,452,1 128,338,193,452,1 322,338,383,452,1 152,64,217,184,1
/home/hb/1_machine_vision/Parking_detection/data/archive_voc/VOC2007/JPEGImages/160.jpg 1023,351,1103,495,0 15,352,91,496,0 21,11,97,152,0 1182,351,1273,495,0 700,11,775,150,1 553,352,629,496,1 401,11,477,151,1 478,352,553,496,1 401,352,478,496,1 783,352,861,496,1 327,12,402,152,1 1089,11,1168,150,1 477,11,551,151,1 707,352,783,496,1 250,11,327,152,1 629,352,707,496,1 861,351,940,496,1 323,352,401,496,1 246,352,324,496,1 775,12,852,150,1 1010,11,1089,150,1 930,11,1010,150,1 939,351,1023,495,1 173,11,251,152,1 551,11,626,151,1 626,11,700,150,1 91,352,168,496,1 852,12,930,150,1 97,11,173,152,1 168,352,246,496,1 1168,11,1256,150,1 1103,351,1182,495,1
/home/hb/1_machine_vision/Parking_detection/data/archive_voc/VOC2007/JPEGImages/146.jpg 373,43,422,135,0 50,582,101,677,1 101,582,149,677,1 199,582,249,677,1 149,582,199,677,1 0,582,50,677,1 224,44,273,135,1 273,44,322,135,1 422,43,472,135,1 472,43,522,135,1 127,44,173,136,1 349,581,400,677,1 83,44,127,136,1 173,44,224,136,1 322,44,373,135,1 249,582,300,677,1 300,581,349,677,1 400,581,455,677,1 522,43,579,135,1 83,366,127,455,1 127,366,174,455,1 173,366,224,455,1 224,366,273,455,1 273,366,323,455,1 322,366,373,455,1 373,366,422,455,1 422,366,472,455,1 472,366,522,455,1 522,366,579,455,1 455,581,512,677,1
/home/hb/1_machine_vision/Parking_detection/data/archive_voc/VOC2007/JPEGImages/79.jpg 314,618,355,694,0 150,619,191,694,0 232,619,274,694,0 878,608,917,687,0 917,608,957,687,0 998,608,1038,686,0 295,409,336,486,1 417,408,459,486,1 78,106,118,184,1 459,408,499,486,1 37,106,77,184,1 61,284,103,357,1 355,618,396,694,1 377,284,418,356,1 61,408,103,487,1 254,409,295,486,1 160,106,200,183,1 335,409,378,486,1 465,106,508,183,1 118,106,160,184,1 103,284,144,357,1 382,106,424,183,1 377,408,418,486,1 108,619,149,694,1 336,284,377,356,1 1,106,37,183,1 186,408,226,486,1 144,284,186,357,1 69,619,108,694,1 186,284,226,357,1 22,284,61,357,1 418,284,458,356,1 423,106,465,183,1 200,106,244,183,1 22,408,61,487,1 103,408,143,487,1 143,408,186,486,1 695,107,745,185,1 396,618,436,694,1 295,284,335,356,1 694,25,745,107,1 694,186,745,266,1 957,608,998,687,1 254,284,295,356,1 458,284,499,356,1 191,619,232,694,1 274,618,314,694,1 436,618,479,693,1
/home/hb/1_machine_vision/Parking_detection/data/archive_voc/VOC2007/JPEGImages/80.jpg 853,609,894,687,0 974,609,1014,687,0 210,618,251,693,0 292,618,332,694,0 127,619,168,693,0 894,609,934,687,0 372,618,413,693,1 312,285,353,357,1 49,619,88,693,1 271,285,312,357,1 79,285,120,357,1 271,408,312,485,1 120,409,162,486,1 231,286,271,357,1 37,285,78,357,1 414,617,456,693,1 55,109,95,185,1 78,409,120,486,1 37,409,79,486,1 13,109,55,185,1 176,109,220,185,1 393,285,435,357,1 168,619,210,693,1 398,108,438,185,1 95,109,136,185,1 393,408,435,486,1 1,285,37,357,1 136,109,176,185,1 121,285,162,357,1 312,408,353,486,1 1,409,38,486,1 438,108,483,185,1 353,285,393,357,1 435,285,479,357,1 934,609,974,686,1 251,618,292,693,1 435,408,479,486,1 353,409,393,486,1 332,618,372,693,1 162,286,203,357,1 161,409,203,486,1 355,108,398,185,1 231,408,271,485,1 670,108,717,185,1 88,619,127,693,1 670,10,717,108,1 670,185,717,275,1
/home/hb/1_machine_vision/Parking_detection/data/archive_voc/VOC2007/JPEGImages/121.jpg 990,122,1085,301,1 702,122,800,304,1 137,123,237,304,1 433,123,533,304,1 334,123,434,304,1 800,122,896,303,1 605,122,702,304,1 1085,122,1185,301,1 44,123,138,305,1 237,123,335,304,1 896,122,990,302,1
/home/hb/1_machine_vision/Parking_detection/data/archive_voc/VOC2007/JPEGImages/4.jpg 790,540,884,718,1 26,542,140,718,1 359,541,467,718,1 467,541,574,718,1 574,541,682,718,1 252,542,360,718,1 682,540,791,717,1 139,542,253,718,1
/home/hb/1_machine_vision/Parking_detection/data/archive_voc/VOC2007/JPEGImages/55.jpg 697,479,877,578,1 697,198,876,290,1 226,379,396,477,1 226,101,395,191,1 697,34,876,128,1 697,382,877,480,1 226,284,396,380,1 697,290,876,383,1 226,476,396,576,1 226,190,395,284,1 226,5,395,101,1
/home/hb/1_machine_vision/Parking_detection/data/archive_voc/VOC2007/JPEGImages/5.jpg 371,174,455,328,1 282,175,372,328,1 114,175,203,328,1 25,489,219,582,1 20,175,115,328,1 203,175,283,328,1 219,489,406,582,1 405,488,601,582,1 455,175,537,327,1
/home/hb/1_machine_vision/Parking_detection/data/archive_voc/VOC2007/JPEGImages/112.jpg 492,445,556,571,1 7,1,75,115,1 764,445,830,571,1 556,445,625,571,1 561,96,631,225,1 491,96,561,225,1 696,445,765,571,1 625,445,696,571,1 631,96,701,225,1 143,1,214,114,1 75,1,144,115,1 213,1,282,114,1 282,1,349,114,1 99,644,226,713,1 700,96,768,225,1 421,96,492,225,1 181,477,249,645,1 181,314,249,478,1
/home/hb/1_machine_vision/Parking_detection/data/archive_voc/VOC2007/JPEGImages/34.jpg 509,206,632,422,1 383,206,509,422,1 257,207,384,423,1 133,207,257,422,1 12,207,134,422,1 632,207,755,422,1 754,206,876,422,1
/home/hb/1_machine_vision/Parking_detection/data/archive_voc/VOC2007/JPEGImages/52.jpg 355,432,471,657,0 127,433,242,658,0 21,217,128,433,0 127,217,243,433,0 242,217,357,433,0 469,216,583,433,0 582,433,690,657,0 689,434,802,657,0 241,433,357,658,1 582,216,690,434,1 356,217,470,433,1 689,216,801,434,1 21,433,128,658,1 469,433,583,657,1
/home/hb/1_machine_vision/Parking_detection/data/archive_voc/VOC2007/JPEGImages/24.jpg 385,83,461,228,1 311,83,386,228,1 6,84,84,228,1 609,83,682,228,1 461,83,531,228,1 160,83,235,228,1 547,563,681,638,1 547,414,681,490,1 235,83,311,228,1 547,490,681,563,1 196,410,267,543,1 547,637,682,714,1 46,410,122,544,1 83,84,160,228,1 121,410,197,544,1
/home/hb/1_machine_vision/Parking_detection/data/archive_voc/VOC2007/JPEGImages/145.jpg 751,120,786,187,0 751,187,786,254,0 786,120,819,187,0 819,120,855,187,0 855,120,889,187,0 786,187,819,254,0 855,187,889,254,0 849,338,885,404,0 813,338,849,404,0 166,145,202,209,1 342,144,377,209,1 77,299,113,365,1 113,299,149,365,1 131,145,167,209,1 149,299,184,365,1 184,298,218,365,1 218,298,254,365,1 254,298,289,365,1 202,145,238,210,1 308,144,342,209,1 97,145,131,209,1 63,145,97,209,1 377,144,416,209,1 42,299,77,365,1 6,299,42,365,1 289,298,328,364,1 238,144,272,209,1 273,144,308,210,1 819,187,855,254,1 328,298,366,364,1
/home/hb/1_machine_vision/Parking_detection/data/archive_voc/VOC2007/JPEGImages/11.jpg 4,565,92,705,1 523,565,607,704,1 268,565,352,705,1 351,565,437,704,1 91,566,179,705,1 689,565,779,704,1 732,201,816,358,1 607,565,690,704,1 179,565,268,705,1 437,565,523,704,1
/home/hb/1_machine_vision/Parking_detection/data/archive_voc/VOC2007/JPEGImages/60.jpg 677,194,847,284,1 677,375,847,468,1 208,551,381,646,1 208,362,381,456,1 677,284,847,375,1 677,467,847,562,1 208,455,381,551,1 208,273,381,363,1 677,561,848,654,1
/home/hb/1_machine_vision/Parking_detection/data/archive_voc/VOC2007/JPEGImages/90.jpg 492,2,620,221,1 374,3,492,222,1 620,2,726,221,1 251,3,374,222,1 126,3,251,223,1
